[ 2462.827268] [Project1] 3889 1588130588.354542404 1588130589.761368884
[ 2465.710026] [Project1] 3890 1588130591.064452931 1588130592.644430680
[ 2468.455731] [Project1] 3891 1588130593.979743087 1588130595.390366477
[ 2471.207885] [Project1] 3892 1588130596.679003235 1588130598.142754664
[ 2473.927891] [Project1] 3893 1588130599.460023386 1588130600.862996446
[ 2476.648006] [Project1] 3894 1588130602.149134238 1588130603.583356075
[ 2479.392677] [Project1] 3895 1588130604.868779569 1588130606.328260342
[ 2482.224868] [Project1] 3896 1588130607.681796185 1588130609.160697319
[ 2484.897541] [Project1] 3899 1588130610.438555568 1588130611.833604624
[ 2487.705526] [Project1] 3900 1588130613.155581789 1588130614.641826581
